# Created by Octave 4.2.1, Sat Aug 18 12:36:00 2018 MDT <thallock@beast>
# name: filterset
# type: matrix
# rows: 0
# columns: 0


